0
000840000000070094340000701100498200200000007003267009806000023720080000000029000
906082734000004050400003100040007901091406070000091040362718495179245386004009217   xyz-chains
200000069980020137710000024009000050040009070567132948601000083300000096498673215   xyz-chains

1
0,0,0,8,4,0,0,0,0,
0,0,0,0,7,0,0,9,4,
3,4,0,0,0,0,7,0,1,
1,0,0,4,9,8,2,0,0,
2,0,0,0,0,0,0,0,7,
0,0,3,2,6,7,0,0,9,
8,0,6,0,0,0,0,2,3,
7,2,0,0,8,0,0,0,0,
0,0,0,0,2,9,0,0,0

Index Ref
--------------------------
   a  b  c  d  e  f  g  h  i
1  0  1  2  3  4  5  6  7  8
2  9 10 11 12 13 14 15 16 17
3 18 19 20 21 22 23 24 25 26
4 27 28 29 30 31 32 33 34 35
5 36 37 38 39 40 41 42 43 44
6 45 46 47 48 49 50 51 52 53
7 54 55 56 57 58 59 60 61 62
8 63 64 65 66 67 68 69 70 71
9 72 73 74 75 76 77 78 79 80
